3 1 205 49 177 224 -1 -1 -1 0 
4 1 207 48 176 222 -1 -1 -1 0 
5 1 208 48 175 223 -1 -1 -1 0 
6 1 207 48 176 224 -1 -1 -1 0 
7 1 205 49 178 227 -1 -1 -1 0 
8 1 202 50 180 226 -1 -1 -1 0 
9 1 202 50 180 225 -1 -1 -1 0 
10 1 200 51 182 222 -1 -1 -1 0 
11 1 197 52 183 218 -1 -1 -1 0 
12 1 194 51 183 219 -1 -1 -1 0 
13 1 192 51 181 220 -1 -1 -1 0 
14 1 189 53 182 218 -1 -1 -1 0 
15 1 185 54 184 218 -1 -1 -1 0 
16 1 181 54 186 220 -1 -1 -1 0 
17 1 179 53 186 223 -1 -1 -1 0 
18 1 178 54 183 223 -1 -1 -1 0 
19 1 177 53 181 224 -1 -1 -1 0 
20 1 173 54 183 224 -1 -1 -1 0 
21 1 171 55 182 224 -1 -1 -1 0 
22 1 170 55 182 225 -1 -1 -1 0 
23 1 172 54 178 226 -1 -1 -1 0 
24 1 171 54 181 227 -1 -1 -1 0 
25 1 168 54 184 226 -1 -1 -1 0 
26 1 168 53 183 227 -1 -1 -1 0 
27 1 166 53 185 226 -1 -1 -1 0 
28 1 165 52 185 227 -1 -1 -1 0 
29 1 164 52 185 226 -1 -1 -1 0 
30 1 164 52 185 226 -1 -1 -1 0 
31 1 165 52 184 226 -1 -1 -1 0 
32 1 165 52 184 226 -1 -1 -1 0 
33 1 166 51 183 226 -1 -1 -1 0 
34 1 165 51 184 226 -1 -1 -1 0 
35 1 165 50 184 227 -1 -1 -1 0 
36 1 166 50 185 227 -1 -1 -1 0 
37 1 167 50 183 229 -1 -1 -1 0 
38 1 169 49 180 232 -1 -1 -1 0 
39 1 168 49 180 234 -1 -1 -1 0 
40 1 167 48 182 235 -1 -1 -1 0 
41 1 166 46 183 238 -1 -1 -1 0 
42 1 164 44 187 238 -1 -1 -1 0 
43 1 163 44 189 233 -1 -1 -1 0 
44 1 164 44 187 232 -1 -1 -1 0 
45 1 166 43 185 232 -1 -1 -1 0 
46 1 169 42 181 233 -1 -1 -1 0 
47 1 170 41 181 236 -1 -1 -1 0 
48 1 170 40 185 239 -1 -1 -1 0 
49 1 171 41 188 238 -1 -1 -1 0 
50 1 172 42 189 236 -1 -1 -1 0 
51 1 174 43 188 231 -1 -1 -1 0 
52 1 177 43 187 231 -1 -1 -1 0 
53 1 178 42 189 232 -1 -1 -1 0 
54 1 184 41 183 237 -1 -1 -1 0 
55 1 185 41 183 243 -1 -1 -1 0 
56 1 184 41 186 245 -1 -1 -1 0 
57 1 184 40 185 249 -1 -1 -1 0 
58 1 183 40 190 247 -1 -1 -1 0 
59 1 184 39 189 244 -1 -1 -1 0 
60 1 188 37 188 239 -1 -1 -1 0 
61 1 190 34 187 236 -1 -1 -1 0 
62 1 194 32 183 236 -1 -1 -1 0 
63 1 195 30 184 241 -1 -1 -1 0 
64 1 195 28 189 244 -1 -1 -1 0 
65 1 194 27 192 247 -1 -1 -1 0 
66 1 192 27 197 250 -1 -1 -1 0 
67 1 191 28 201 249 -1 -1 -1 0 
68 1 192 29 203 247 -1 -1 -1 0 
69 1 202 28 193 244 -1 -1 -1 0 
70 1 206 26 192 244 -1 -1 -1 0 
71 1 207 26 194 245 -1 -1 -1 0 
72 1 203 25 203 249 -1 -1 -1 0 
73 1 201 25 209 250 -1 -1 -1 0 
74 1 205 27 207 251 -1 -1 -1 0 
75 1 202 26 213 254 -1 -1 -1 0 
76 1 216 24 199 256 -1 -1 -1 0 
77 1 219 24 202 252 -1 -1 -1 0 
78 1 230 24 191 250 -1 -1 -1 0 
79 1 234 24 194 244 -1 -1 -1 0 
80 1 238 24 193 245 -1 -1 -1 0 
81 1 244 24 187 244 -1 -1 -1 0 
82 1 248 24 183 247 -1 -1 -1 0 
83 1 247 23 184 247 -1 -1 -1 0 
84 1 249 24 185 245 -1 -1 -1 0 
85 1 251 24 186 246 -1 -1 -1 0 
86 1 251 24 187 247 -1 -1 -1 0 
87 1 252 24 186 247 -1 -1 -1 0 
88 1 253 25 187 249 -1 -1 -1 0 
89 1 252 26 190 248 -1 -1 -1 0 
90 1 249 28 192 251 -1 -1 -1 0 
91 1 241 29 201 252 -1 -1 -1 0 
92 1 241 28 198 253 -1 -1 -1 0 
93 1 240 26 196 256 -1 -1 -1 0 
94 1 225 26 213 264 -1 -1 -1 0 
95 1 217 24 220 270 -1 -1 -1 0 
96 1 212 26 223 274 -1 -1 -1 0 
97 1 213 28 216 279 -1 -1 -1 0 
98 1 212 29 216 281 -1 -1 -1 0 
99 1 206 30 222 288 -1 -1 -1 0 
100 1 202 31 225 289 -1 -1 -1 0 
101 1 200 30 223 290 -1 -1 -1 0 
102 1 199 25 220 296 -1 -1 -1 0 
103 1 198 23 218 297 -1 -1 -1 0 
104 1 196 23 218 298 -1 -1 -1 0 
105 1 190 25 221 296 -1 -1 -1 0 
106 1 187 25 224 299 -1 -1 -1 0 
107 1 183 26 227 300 -1 -1 -1 0 
108 1 183 24 222 302 -1 -1 -1 0 
109 1 178 23 226 298 -1 -1 -1 0 
110 1 177 22 226 295 -1 -1 -1 0 
111 1 176 21 226 295 -1 -1 -1 0 
112 1 177 20 222 299 -1 -1 -1 0 
113 1 177 21 222 301 -1 -1 -1 0 
114 1 178 24 218 302 -1 -1 -1 0 
115 1 178 24 220 303 -1 -1 -1 0 
116 1 177 23 222 302 -1 -1 -1 0 
117 1 177 21 223 301 -1 -1 -1 0 
118 1 179 19 219 299 -1 -1 -1 0 
119 1 180 19 220 298 -1 -1 -1 0 
120 1 181 19 222 297 -1 -1 -1 0 
121 1 184 21 214 294 -1 -1 -1 0 
122 1 184 21 215 294 -1 -1 -1 0 
123 1 184 21 217 295 -1 -1 -1 0 
124 1 189 21 214 295 -1 -1 -1 0 
124 2 15 318 24 28 -1 -1 -1 0 
125 1 192 21 212 294 -1 -1 -1 0 
125 2 16 318 24 28 -1 -1 -1 0 
126 1 193 20 211 295 -1 -1 -1 0 
126 2 16 318 24 27 -1 -1 -1 0 
127 1 195 20 212 296 -1 -1 -1 0 
127 2 16 319 24 27 -1 -1 -1 0 
128 1 195 21 212 295 -1 -1 -1 0 
128 2 17 318 23 28 -1 -1 -1 0 
129 1 195 22 213 295 -1 -1 -1 0 
129 2 17 318 24 28 -1 -1 -1 0 
130 1 194 23 216 294 -1 -1 -1 0 
130 2 17 318 25 28 -1 -1 -1 0 
131 1 194 23 217 292 -1 -1 -1 0 
132 1 198 21 216 294 -1 -1 -1 0 
133 1 201 21 215 293 -1 -1 -1 0 
134 1 201 21 216 291 -1 -1 -1 0 
135 1 203 21 214 291 -1 -1 -1 0 
136 1 204 21 219 289 -1 -1 -1 0 
137 1 207 21 217 289 -1 -1 -1 0 
138 1 210 21 216 288 -1 -1 -1 0 
139 1 211 21 217 288 -1 -1 -1 0 
140 1 213 21 215 289 -1 -1 -1 0 
141 1 215 21 213 291 -1 -1 -1 0 
142 1 215 22 215 289 -1 -1 -1 0 
143 1 212 21 219 289 -1 -1 -1 0 
144 1 214 21 216 287 -1 -1 -1 0 
145 1 214 22 219 283 -1 -1 -1 0 
146 1 217 22 216 278 -1 -1 -1 0 
147 1 220 23 213 277 -1 -1 -1 0 
148 1 225 23 209 277 -1 -1 -1 0 
149 1 226 22 210 279 -1 -1 -1 0 
150 1 226 24 211 278 -1 -1 -1 0 
151 1 227 26 209 281 -1 -1 -1 0 
152 1 226 28 211 281 -1 -1 -1 0 
153 1 226 29 211 282 -1 -1 -1 0 
154 1 225 28 213 284 -1 -1 -1 0 
155 1 225 27 213 286 -1 -1 -1 0 
156 1 227 26 210 285 -1 -1 -1 0 
157 1 225 23 213 287 -1 -1 -1 0 
158 1 224 21 216 287 -1 -1 -1 0 
159 1 224 19 215 286 -1 -1 -1 0 
160 1 220 16 223 287 -1 -1 -1 0 
161 1 220 15 220 287 -1 -1 -1 0 
162 1 218 14 221 286 -1 -1 -1 0 
163 1 221 11 214 287 -1 -1 -1 0 
164 1 220 9 216 288 -1 -1 -1 0 
165 1 220 9 216 288 -1 -1 -1 0 
166 1 218 9 219 288 -1 -1 -1 0 
